Accuracy: 0.98857
Precision: 0.98230
Recall: 1.00000
F1 Score: 0.99107

